.....-.. 3„

111. 15155551 5155 1555555555.

1. 5155 55515555 555555 555 7. 1115. 5. S. 5555 515555 5555515555 51511555555555 5555555.

5. 355 11555555 555 6551555555 55555555 une 555 555555 Dr. 5555515555, Dr. of 5 55 5551 5555
855558, um 5155555511555555555555 55515 55555 (5555555555 555 85555515, 555 5555115 555 555
5155155515 55 15515, 555 55555 55555 (5555555555 555 5155555 5555555155. 3551555 5555555 555 85555555
5555 11555 auf 555 551555555555515551, um 555 355555155555511551511 55 1555155 555 5555555.

3. 355 5555555 555 6551555555 555155 5551555555 Dr. 555 555 5155 555 5555 5115555 515

5555555555 555555, 5555 111555 515 5555515555555 555 555 51551515 555. 5555 55555115 555 55555
5555555 555 Ditem 5. 5555555 555 555 51551515 555.

4. 555 5555555 615511 5555151 5555 Dr. 5555155555 55555555 555 51555555 555 6551555555,
55555555 555 51515555 515 551555555551555 55155155555, 55515555 5551555 515 5555155555,
555 t. ,

5. 5115555151 1155555555 5555 18. 5155555555 pr. 555555 55555551, 555 555 55555555 55555555551555
5555155555 5555 Dr. 55515 555555 55555115555 555555 555 1555555555 555555 55555555 [ei. 5155
5155155555 555555 5555 55555 &ede 555 55555 155555 5155555555 5555 5555 <5115551555 1555555555 555
1155555555 55551555 55 51555 5555555555115555155555555555 14. <115555. pr. 55555555555.

«5555 1115555 55515551 5555555 555 19. 55515 1819 55 51155555. 1155 1155555555 5555555
55555555155155 555 55555555 (5555555555 55555515 55 555 5555 555551 1851 555 1351555 1858 555 555
1115555555 55 1115155555, von 55 55 555 5155555 1856 5555 555 1155555τῇ551 5551155155 5555 6155555555 555
5155555151555 555555555555155, 555555 555 11. 5155555 1856 555 555 55515155555555 55151555 555
55555555 5515555555 rite 5555 5151155 555 555155555555555555555 555 5551555 555 555551 1857 555 examen
555 facultate docendi. 51555555 55 555555 555 55555555 (5555555555 555 55555555 5155555555 55551155,
15555151 55ῗ.55555555155ἳέ51ἱέ55 55551555555155515555555
5551555555 5555 18. 5155. 1882 515 5555555555 555555 5555515115.

s 8. 5155555555 55555555 5155155555555555 5555155555 555 5555555555 Dr. 11555555 555 555555

5 5 55 5 5 55.

ὡ ᾖ515155551555155555 Dr. 5555555555 555 5555 5555155555 5515 555 5555 555 &e 5555115555
5555 555555 1115515155 555 (5555115555 555 1155555555 515555555555155 in 5115515551 55555 5555555555
555555555555155555555155 5555 17. See. 5. 55 5555555555 5555551 5555555. §Die 5555555555 51515515
55555555555155555 55511555555555555 29. 5555. 5. 5555555551.

8. 35 1555555515 555555555555555 555555 555 10055555551555555155 55 555 1555555
5555 555 55555555555555 15555555 - 5555 555555555555 5555555555555 - 5555 15. 5555. 5.
55 555 55555555555115555 mit 555555 1555515555 55555515 555 Te Deum, 5555555 515 50 55555555 155-
5551155 55 555 5155551555 55555555 555 5151555 im 35555 1818 555 17. 511555 e 55555 5555
5555551555 5515551555 6555155555 5555155 55555555. 1555 555155 55555 555555 5551555 555555 5555 555 eone
5555 11 5555 8555554155555555 555555555555 51τί5555555 5555555155 6551155 555 5555555555 1155555551,
55115155555515 ,515551155555555551553551 11555555 555 5555555555515555 5551555
5555 555555 55515555ἰὶ555 55555555 555 5555555 mit 51555555 555 555 55555155555555155 555 5515555155
5555555551555555555551555555 5555555 1155551 5555555515555555115555551555 55 5511555555555
5555555555 5555 55555 115515555ε1115555155 5555555555 5555555.

9. 555 11. 511555 5. 55555 5551155515555515555 555555 555 55555555 555 (555551515555 &e
1155555155 555 115555 55 1551551555 55555 5511555555515115555555555 555 6551155 5555 55555 5555
555 5555 55555 5155555555 Dr. 5115555555 55551555 55555555 5555555 55555555.

10. 6555555 555 26. 1155515. 55155555 47 6551155 555 5555555555 5555 55515 5. 8555555555,
555555 55 55555 555 555555 1555555555. 55115 55 5 555 55 551555555 55155555155155555 5555555555 55555.

11. (5555555 555 81. 511515. 555555 64 6551555, 5555555 555 5555 555151555 55555 5515 555551
5555555555 5555555, 5555 &e 5515555555 1555555 555 55555555555555 55555 355555 (55555 55555
555 15555155 55 555 55555555115555 555 5. 6515555555 555 55555555 5515555551.

5

 

