55 .

4) 5555 555555 Med ist 5555555 555 5555 5ε15“ 555 65555 b = 9⁴¹ 555 555555
&tite 5555555555555555 5555555 με 355565 5555 5555 55 555 8555555
555 5555555 855555, 55555 (5555555555 555 55 555 5555555 5555555555
55555 ist, 55555 555555 &cite = 5, 55555 5555555 :b 55.

coetus 11.
5. 5155555555 5555555 555 58555555 5555555555 65555555, 5555555555 555 555

55555555 555555 5555555 555 55555555 5555555.

b. ssnteiniithet 555ῗὶ65 Unius viri virtute saepe inniti sulutem publicam,
exemplis ex historia antiqua petit-is ostendatur.

θ’ ῃαζξεὲηαξυιὶει niel 355555 555555 55 450 6350 5555. 5555 55555555 55 5555 55555
55555 355555 5555555 555 5555. 5555555555

5) 55555 8555555555 5555555555551555 555 5555 5555555555 5555555555, in
55555 855555 je 25 555555 55555, 555 555 55555 58555 5555555555 5555555,
55555 55555 55555 4ο, 555 5555555555 5555 15 555555 55555

3) 55555 5555 55555555 555555 5555 (55555555 55555, 55555 &tilde in 555 5555555
55555 5555 55555555 85555 55555

4) 5551555555 {intr 85555 55555555, 555555 555 55555 5555555555 55555555
i, 555 555531.

--.

ll. 5555555555 55 5555555555 5555551555-6551555555

1. 55555555, 555 29. 555555. 1862. 35 5555555555 55555 55555555555555555 555 13. 555555.
1862, 5555555555555555555 iiber 555 5555555555 im 5555555555 555 55555555555555ἰτ
5555 5555ρᾶ55555 5555555555, with 5555555 iiber hie 5555555555 555555 115555555555555 55555555
555 555 5555555555 555 555 551555 9655555555ηε555555555 555 5855555555 5555555. 555 5555555555
35555555 §ouen 5555 babit 1863 55 5555 5155 5555555555 5555 555 5555555555αῇ 555 5555555555
555 555 5555555555 555 5555555555 555 85555 55555555.

2. 55555555, 555 7. 55555 1863. §burch 55555 555 55555 5555555ε55555555555 5555 28. 5555.
555 555 &Rufi 555 55555555ῐί5555 6555555555 555 555 5555555555 555 5555555555 55555
5555555555 5555555, 555 555 55555555 555 8555555 5555 555 55555555 555555 555 5555 55555 in bie
5555 5555 ἱ 5 55555 (5555555555 5555 einer 5555555555 555555 55555555, 555555 555 51555555-
3555555 555 555555 555 55555 5555555555 5555555 5555555 555555.

3. 55555555, 555 3. &tyra 1863. 555555τί555155 5555555555 5ἰ555 (5555555 555 55555 5555555·
5555555555 5555 84. &ebt 5., 555555555555 555 5555555555 555 555 5555555555
5555355555 5555555555.

4. 55555555, 555 18. Ueni 1863. 5555 555 5555555 555 mirmion tuith 5555551555, 555 555
&abac 555 55555555555555 5555555555, 555555 555 555555 5555555555, 55555 bie 65555 555
Ι55555555555Ῐ555555555δ5 5555555555, 5555555 555 555555 5555555555 5555555, 555 555 6155555553555

555 5 seit 555 55

.,.---.------·

 

