111111

6111111111.

ΜΨ· 1111111111. 1111111 &Rhium-
111111.

111111.

11111

Dtt.

1 111111, 311111

2 131111, 611111

1 11111111, 1111111111
i 1111111, 1111τί11

’1 111111, 2111

b Butam, 2111111111

7 1111111, 21111111
8 1311111111, 21111111

” 9 11111111, 2111111

1011111111, 1111111

11 111111, 26111111
12111111, 1111111

13 1111, 2111111111

11 111111111111

11) 1111111111, 11111111
16 1111111, 11111111

17 11111, 11111111

18 1111111, 3111111

19 11111111, 1111111111
20 1111111111, 1111

21 111111, 11111

’ 221111111111111111
23 111111, 11111111

24 Manum, 31111
25 1111111111, 211111
26 3111111111, 1111111111
21 11111111, 111111
2811111, 11111111

29 11111, 1111111
1011111111

31 Ά111111111, 11111

32 1111111,211111111
33 11111, 111111

11 1111111111, 21111

’111 1111111111, 11111111
16 1111111111, 1111

31 n. 111111, 11111

38 sarr, 12111111

39 5111111, 1111111

10 51111111, 211111

11 1. 5111111111, 1111τί11
12 u. 5111111111, numme
11 5111111111, 11111 ’
11 11111111, 1111

11 11111111, 111111
16 1111111, 111111

2111111111
211111
2111111111
1111111111
211111
1111111111
11111111 “
61111111
2111111111
21111111
&n 21111111
21111111
2111111111
2111111111
1111111111
1111111111
2111111111
11111111
11111
61111111
1111111111
1121111

22¹l2
19¹1‘2
18³l⁴
111
20
20
21

2111111111.1.21111 ·

6111111111
21111111
211111
1111111111
21111111
111111
11111111
11111111
2111111111
111ιί111111
21111111
2111111
21111111

2111111 b. 21111111

2111111111
§mannen
2111111111
1111111
2111111111
2111
21111111
211111
&nubebat

17⁸l⁴

20½
19¹2,

20
2011.

111111.
111111.
111111.
111111.
111111.
111111.
, 2 11111111
. 2 11111111

2 1211111111
2 11111111

2 1111111111111

2 1111111111
2 1111111111·
2 Sura

11111111

eulogie

111. u. 111111.

, ‘ ⁴ 1111111

1111111

1111111111

, 3 2111111111111
, 2 1111111111
, 2 1111111111
, 2 2111111111

2 21111111

, 2 1111111111

1111111

eol. 1. 2311111.

ἰ 2 ’11111111

. 2 11111111
. 3 21111111
. 2 Sura

, 2 11111111

. 3 111ὶὶ1
(11111111 gu 111 1111111111 1111111111111111111111111111111116. 31.)

21111111
2111111111 ·
1111111111
2111111111
21111111
3111111111
2111111111
1611111
21111111
1111111111
2111111111
2111111111
16111111
2111111
21111111
manner
21111
12111111 ’
2111111111
1111111111
21111
11111
11111
1111111111
21111
2111
2111111111
2111111111
&finningen
2111111111
2111111111
1111111111
11111
21111111
1111111111
21111
21111111
11111111
21111
11111
1111111111
21111
2111111111
11
21111111
1611111111

 

